                   MONTHLY CLIMATOLOGICAL SUMMARY for abe 2015


NAME: Zarautz                  
ELEV: 0 meters    LAT: 43-17.05 N    LONG: 002-10.57 W


                   TEMPERATURE (C), RAIN (mm), WIND SPEED (m/s)

                                         HEAT   COOL         AVG
      MEAN                               DEG    DEG          WIND                   DOM
DAY   TEMP   HIGH   TIME    LOW   TIME   DAYS   DAYS   RAIN  SPEED   HIGH   TIME    DIR
---------------------------------------------------------------------------------------
 01
 02    9,6   10,2  21:01    9,0  23:59    8,7    0,0    0,0    0,0    0,0  20:57     90
 03   13,6   19,2  14:49    8,4  02:35    4,7    0,0    0,0    0,0    0,0  00:01     90
 04   15,9   19,0  00:02   12,1  22:56    2,4    0,0    0,0    0,0    0,0  00:00     90
 05   13,2   16,2  14:47   10,5  08:47    5,1    0,0    7,6    0,0    0,0  00:00     90
 06   14,6   19,1  14:40   11,6  00:27    3,8    0,0    0,0    0,0    0,0  00:00     90
 07   16,6   19,3  14:49   14,5  01:33    1,7    0,0    0,0    0,0    0,0  00:00     90
 08   16,3   18,2  12:27   13,2  22:30    2,0    0,0    7,6    0,0    0,0  00:00     90
 09   13,3   15,7  15:13   10,2  23:40    5,0    0,0    0,0    0,0    0,0  00:01     90
 10   12,3   17,3  15:06    9,7  02:41    6,0    0,0    0,0    0,0    0,0  00:01     90
 11   10,9   14,7  14:56    8,7  07:08    7,4    0,0    0,0    0,0    0,0  00:00     90
 12   11,7   15,5  15:53    8,2  02:55    6,6    0,0    1,0    0,0    0,0  00:00     90
 13   12,3   16,3  14:49    9,8  08:47    6,0    0,0    0,0    0,0    0,0  00:00     90
 14   16,5   19,3  14:41   11,5  00:08    1,8    0,0    0,0    0,0    0,0  00:00     90
 15   19,3   21,1  17:48   17,5  00:02    0,0    1,0    0,0    0,0    0,0  00:00     90
 16   18,0   20,2  12:55   15,3  23:46    0,4    0,0    0,0    0,0    0,0  00:00     90
 17   18,7   22,4  15:50   14,2  05:03    0,0    0,4    0,0    0,0    0,0  00:00     90
 18   20,0   22,0  14:05   18,1  19:05    0,0    1,7    0,0    0,0    0,0  00:00     90
 19   20,9   24,0  15:40   17,8  00:49    0,0    2,5    0,0    0,0    0,0  00:00     90
 20   17,6   20,9  00:00   15,0  23:47    0,7    0,0    0,0    0,0    0,0  00:00     90
 21   13,6   17,8  14:29   10,8  23:59    4,7    0,0    0,0    0,0    0,0  00:00     90
 22   14,9   18,4  14:30   10,4  01:29    3,4    0,0    0,0    0,0    0,0  00:00     90
 23   15,5   17,4  15:15   13,5  07:02    2,8    0,0    0,0    0,0    0,0  00:01     90
 24   16,4   18,7  15:23   14,7  00:58    1,9    0,0    0,0    0,0    0,0  00:00     90
 25   16,3   19,7  15:05   13,3  23:09    2,1    0,0    0,0    0,0    0,0  00:00     90
 26   15,3   18,9  15:41   11,9  08:55    3,1    0,0    0,0    0,0    0,0  00:00     90
 27   16,2   19,1  14:58   13,2  08:34    2,1    0,0    0,0    0,0    0,0  00:00     90
 28   17,8   19,6  15:14   16,1  23:58    0,5    0,0    0,0    0,0    0,0  00:00     90
 29   15,4   17,7  14:37   13,1  23:52    3,0    0,0    0,0    0,0    0,0  00:00     90
 30   16,7   19,4  15:15   13,1  00:03    1,6    0,0    0,0    0,0    0,0  00:00     90
 31   13,4   16,5  16:01    9,6  23:42    5,0    0,0    3,0    0,0    0,0  00:00     90
---------------------------------------------------------------------------------------
      15,6   24,0     19    8,2     12   92,6    5,6   19,3    0,0    0,0     02     90
    

