                   MONTHLY CLIMATOLOGICAL SUMMARY for urt 2016


NAME: Zarautz                  
ELEV: 0 meters    LAT: 43-17.05 N    LONG: 002-10.57 W


                   TEMPERATURE (C), RAIN (mm), WIND SPEED (m/s)

                                         HEAT   COOL         AVG
      MEAN                               DEG    DEG          WIND                   DOM
DAY   TEMP   HIGH   TIME    LOW   TIME   DAYS   DAYS   RAIN  SPEED   HIGH   TIME    DIR
---------------------------------------------------------------------------------------
 01   13,6   18,4  16:02    8,4  02:29    4,7    0,0    0,0    0,0    0,0  00:00     90
 02   13,6   16,7  00:00   10,3  21:40    4,8    0,0    1,0    0,0    0,0  00:00     90
 03   14,3   17,4  18:31   10,0  00:36    4,0    0,0   11,7    0,0    0,0  00:00     90
 04   13,4   14,7  11:52   12,2  23:50    4,9    0,0    4,1    0,0    0,0  00:00     90
 05   11,9   14,3  14:55    9,9  09:04    6,4    0,0    0,0    0,0    0,0  00:00     90
 06   11,4   13,2  15:29    9,6  08:33    7,0    0,0    5,3    0,0    0,0  00:00     90
 07   14,5   17,3  23:22   14,0  23:14    3,9    0,0    2,0    0,0    0,0  18:12     90
 08   16,6   19,4  04:01   13,6  00:27    1,8    0,0    5,3    0,0    0,0  00:01     90
 09   14,7   16,9  19:53   11,1  08:11    3,6    0,0    3,0    0,0    0,0  00:00     90
 10   14,8   18,1  22:31   13,0  18:15    3,5    0,0    8,6    0,0    0,0  00:00     90
 11   13,2   16,0  13:50   11,0  06:37    5,1    0,0    8,4    0,0    0,0  00:01     90
 12   10,9   14,9  15:07    8,3  20:06    7,5    0,0   14,7    0,0    0,0  00:00     90
 13   10,6   15,5  23:38    6,0  08:37    7,7    0,0    1,0    0,0    0,0  00:00     90
 14   13,3   16,2  04:09   10,5  23:32    5,0    0,0   20,1    0,0    0,0  00:00     90
 15   10,0   11,8  15:11    8,7  20:03    8,3    0,0   13,7    0,0    0,0  00:00     90
 16    8,8   11,5  15:09    6,8  09:32    9,6    0,0    7,4    0,0    0,0  00:00     90
 17    9,8   14,2  16:51    6,8  08:42    8,5    0,0    0,0    0,0    0,0  00:00     90
 18   11,1   14,9  15:13   10,0  13:16    7,2    0,0   10,4    0,0    0,0  00:00     90
 19   11,7   14,7  14:56   10,0  01:27    6,7    0,0    2,0    0,0    0,0  00:00     90
 20
 21
 22
 23
 24
 25
 26
 27
 28
 29
 30
 31
---------------------------------------------------------------------------------------
      12,5   19,4     08    6,0     13  110,1    0,0  118,9    0,0    0,0     01     90
    

